Ho Phan Minh
5
Ho Phan Minh
9

8

0

0
HPM
0

0

0
HPM
0
HPM
0

0

0
HPM
0

0

0
HPM
0
HPM
0
HPM
0
HPM
0

1
pp
1
pp
1
pp
1
pp
1

38

38

38

39

39

39

39

39

39

39

39

39

39

40

40

40

40

40

40

40

40

40

40

58

58

58

7

15

15

15

15

15

15

15

17

19

19

19

19

19

21

22

22

25

27

27

27

27

45

45

45

45

45

52

52

52

52

73

74

76

76

76

76

76

77

77

77

77

85

91

97

97

97

97

97

97

97

97

97

97

97

99

99

99

99

99

2

2

2

2

4

4

4

4

4

12

12

12

12

12

12

12

12

13

13

13

13

13

45
HPM
85

2

2

2
HPM
2

5

3
HPM
2

1

1

11

30

2

78

21
